0153360              nan             nan   -7.417217e-29   -7.417568e-29
0166440     7.624786e-26    7.624547e-26             nan             nan
0166760    -6.657670e+15   -6.657144e+15             nan             nan
0204160     3.210290e-19    3.211105e-19             nan             nan
0207700    -1.964708e+36   -1.964054e+36             nan             nan
0213760     1.412705e-06    1.412691e-06             nan             nan
0221520              nan             nan    3.064085e-25    3.063861e-25
0255620    -1.381196e-09   -1.381361e-09             nan             nan
0260260    -2.845687e-34   -2.839326e-34             nan             nan
0263400     1.921978e+33    1.922375e+33             nan             nan
0270760    -3.913259e+08   -3.947193e+08             nan             nan
0307160     7.095075e-35    7.068861e-35             nan    2.492762e+38
0323320              nan             nan    1.108442e+23    1.108220e+23
0326720     6.317041e+09    6.318022e+09             nan             nan
0327160              nan             nan    2.298083e-02    2.297643e-02
0330560    -1.166986e+29   -1.167110e+29             nan             nan
0335140    -4.040850e+11   -4.037581e+11             nan             nan
0336220    -2.863931e-31   -2.884800e-31             nan             nan
0336360              nan             nan   -3.687782e-01   -3.688209e-01
0337060     1.658920e+15    1.657983e+15             nan             nan
0340240    -1.062395e+17   -1.062481e+17             nan             nan
0344100              nan             nan    2.982277e-28    2.982432e-28
0346420    -1.017020e+11   -1.016938e+11             nan             nan
0350360              nan             nan    1.833633e+27    1.833633e+27
0352220              nan             nan    3.367941e-13    3.368103e-13
0354060     1.198843e+32    1.199352e+32             nan             nan
0361520              nan             nan   -7.126032e-35   -7.123966e-35
0363660     2.799080e+22    2.799134e+22             nan             nan
0401300              nan             nan   -9.248453e-02   -9.243417e-02
0416140              nan             nan    1.589810e+09    1.589774e+09
0421740              nan             nan    9.254856e-02    9.255985e-02
0427320    -1.783067e+24   -1.784959e+24             nan             nan
0431740              nan             nan    5.663089e-06    5.663062e-06
0433320     1.379650e-09    1.379790e-09             nan             nan
0441500     2.058582e-17    2.058068e-17             nan             nan
0443020              nan             nan   -6.671921e+15   -6.672369e+15
0451160     2.734795e+19    2.734440e+19             nan             nan
0452620              nan             nan   -3.447464e-10   -3.446215e-10
0506160              nan             nan    1.857114e-29    1.858185e-29
0510420     2.778492e-37    2.778754e-37             nan             nan
0514240              nan             nan   -1.198010e+32   -1.198302e+32
0514520     1.829183e+27    1.828315e+27             nan             nan
0525440              nan             nan             nan             nan
0527640    -3.785634e+02   -3.787730e+02             nan             nan
0537360     1.781119e-35    1.782014e-35             nan             nan
0552540     3.135272e-22    3.134895e-22             nan             nan
0571600              nan             nan    4.807491e+32    4.808183e+32
0574240     4.256859e+17    4.252406e+17             nan             nan
0575360     6.053889e+03    6.056799e+03             nan             nan
0577300    -2.768204e-37   -2.772709e-37             nan             nan
0577460     3.203407e-19    3.202702e-19             nan             nan
0577620    -7.128098e-35   -7.130916e-35             nan             nan
0601520              nan             nan    1.590801e+09    1.591147e+09
0607500    -1.093625e+20   -1.093349e+20             nan             nan
0624140              nan             nan   -1.620654e+12   -1.622772e+12
0666220     8.165452e-17    8.172869e-17             nan             nan
0667260     3.180515e-19    3.182692e-19             nan             nan
0705100              nan             nan   -1.378405e-09   -1.377752e-09
0705200              nan             nan    2.305509e-02    2.305208e-02
0710140    -4.124317e+14   -4.129051e+14             nan             nan
0714300    -1.312689e-15   -1.312080e-15             nan             nan
0716560              nan             nan   -2.989942e-28   -2.988699e-28
0720220              nan             nan   -1.112999e+23   -1.113783e+23
0720760              nan             nan   -3.364100e-13   -3.365293e-13
0721260              nan             nan    1.507692e+03    1.506605e+03
0725300     7.105704e+24    7.106552e+24             nan             nan
0727420     1.220882e-24    1.221298e-24             nan             nan
0745740    -1.861612e-29   -1.862086e-29             nan             nan
0746740    -1.135348e-33   -1.134633e-33             nan             nan
0751100    -1.588669e+09   -1.588164e+09             nan             nan
0751220              nan             nan    1.700741e+18    1.700427e+18
0755220              nan             nan   -1.138284e+26   -1.139409e+26
0760200    -4.072552e+11   -4.072408e+11             nan             nan
0762260    -1.404417e-06   -1.405713e-06             nan             nan
0767620     4.782794e+32    4.780839e+32             nan             nan
0771660    -7.339215e+27   -7.338804e+27             nan             nan
0774340              nan             nan   -5.485889e-09   -5.480108e-09
1007600              nan             nan   -8.545209e-11   -8.549390e-11
1016600              nan             nan   -1.821748e-32   -1.821021e-32
1025060              nan             nan   -1.821834e+27   -1.818360e+27
1025720     5.902980e+00    5.907238e+00             nan             nan
1030520     7.138530e+24    7.135801e+24             nan             nan
1031600    -2.485196e+38             nan    2.901648e+28    2.911007e+28
1042220     7.646962e-26    7.643908e-26             nan             nan
1044260              nan             nan    2.660448e+16    2.660695e+16
1047540              nan             nan   -4.168346e+14   -4.168192e+14
1056720              nan             nan   -1.786861e+24   -1.786992e+24
1056760     1.956240e-23    1.955845e-23             nan             nan
1062740    -3.113443e-22   -3.111546e-22             nan             nan
1072320              nan             nan    7.295115e+27    7.294242e+27
1073100    -1.908745e-26   -1.907104e-26             nan             nan
1073440              nan             nan    2.245491e-05    2.248050e-05
1074520              nan             nan   -2.252091e-05   -2.251861e-05
1076640     4.776684e-27    4.779793e-27             nan             nan
1077200     2.256120e-05    2.255771e-05             nan             nan
1100400     1.624478e+12    1.625274e+12             nan             nan
1103540              nan             nan   -4.253745e+17   -4.253614e+17
1103640    -4.049664e+11   -4.050869e+11             nan             nan
1104300              nan             nan    1.962450e-23    1.962319e-23
1124420              nan             nan   -2.006230e-20   -2.006479e-20
1127520              nan             nan   -3.290544e-16   -3.290768e-16
1141320    -7.165537e+24   -7.165472e+24             nan             nan
1157140     4.465866e+23    4.467529e+23             nan             nan
1162040              nan             nan    3.607763e-04    3.608032e-04
1171200              nan             nan   -5.264682e-15   -5.264807e-15
1173520              nan             nan    1.787206e+24    1.786875e+24
1176540              nan             nan   -6.024551e+03   -6.014736e+03
1200560              nan             nan    6.821469e+18    6.823652e+18
1213700    -6.309299e+09   -6.330704e+09             nan             nan
1223420              nan             nan   -4.911458e+35   -4.911018e+35
1225420     9.654718e+04    9.672637e+04             nan             nan
1232660    -1.015408e+11   -1.015277e+11             nan             nan
1235560     1.190290e-27    1.189584e-27             nan             nan
1240040    -1.742346e-38   -1.742068e-38             nan             nan
1253360              nan             nan   -6.340572e+09   -6.342778e+09
1256100    -1.515597e+03   -1.515781e+03             nan             nan
1260700     1.116229e+23    1.115744e+23             nan             nan
1263160    -3.980841e+08   -3.980567e+08             nan             nan
1272400     2.792627e+22    2.792642e+22             nan             nan
1276360              nan             nan   -1.016280e+11   -1.016946e+11
1301340              nan             nan   -8.833356e-08   -8.834367e-08
1303220              nan             nan   -1.781745e+24   -1.785727e+24
1304000    -7.466981e-29   -7.463313e-29             nan             nan
1305600    -4.445824e-05   -8.969736e-05             nan             nan
1307000     3.963953e+08    3.964318e+08             nan             nan
1311140              nan             nan   -7.800577e-23   -7.774973e-23
1325220              nan             nan   -1.651886e+15   -1.649579e+15
1331360     3.697268e-01    3.700869e-01             nan             nan
1343460     8.395304e-14    8.396645e-14             nan             nan
1345420     4.068884e+11    4.070277e+11             nan             nan
1346040     2.308935e-02    2.307734e-02             nan             nan
1370220    -4.890987e+35   -4.901126e+35             nan             nan
1373300    -2.485844e+07   -2.486201e+07             nan             nan
1374000              nan             nan             nan             nan
1405060     2.800281e+22    2.800599e+22             nan             nan
1407000              nan             nan   -1.968560e+36   -1.969181e+36
1430160              nan             nan    7.141253e-35    7.138888e-35
1452020     4.873329e-24    4.880518e-24             nan             nan
1460260              nan             nan   -1.826442e-32   -1.826629e-32
1467660              nan             nan   -1.872140e-29   -1.871988e-29
1472100    -1.870516e-29   -1.870733e-29             nan             nan
1503640              nan             nan   -1.872095e-29   -1.871778e-29
1510520              nan             nan    1.175781e+29    1.175462e+29
1522120    -2.671774e+16   -2.672701e+16             nan             nan
1530740     2.104215e-14    2.104295e-14             nan             nan
1536000    -6.828931e+18   -6.830841e+18             nan             nan
1540440     8.422316e-14    8.422667e-14             nan             nan
1543000     1.318554e-15    1.318583e-15             nan             nan
1545620    -2.207399e-08   -2.206966e-08             nan             nan
1547320     1.970125e+36    1.970513e+36             nan             nan
1550120              nan             nan   -1.113049e-36   -1.112918e-36
1550740              nan             nan    2.419463e+04    2.418014e+04
1552260    -1.068330e+17   -1.068236e+17             nan             nan
1570140     4.224789e+17    4.231056e+17             nan             nan
1570160     2.981221e+31    2.985560e+31             nan             nan
1570340     2.207443e-08    2.207213e-08             nan             nan
1572760              nan             nan   -7.486575e-29   -7.487499e-29
1573300              nan             nan    8.794488e-08    8.778599e-08
1620640              nan             nan    7.824766e-23    7.826724e-23
1634340              nan             nan   -4.802464e+32   -4.803104e+32
1645740              nan             nan   -3.777272e+02   -3.777910e+02
1650460     1.961063e-23    1.961023e-23             nan             nan
1650540              nan             nan    7.699268e+33    7.700157e+33
1670560              nan             nan    1.246557e-21    1.247034e-21
1715120              nan             nan   -2.868969e+25   -2.868384e+25
1716440              nan             nan    3.130753e-22    3.128909e-22
1723300              nan             nan    1.190780e-27    1.188806e-27
1735140              nan             nan    8.179052e-17    8.196363e-17
1751560              nan             nan    4.657406e-30    4.659587e-30
1754000              nan             nan   -5.382820e-12   -5.383337e-12
1754600              nan             nan   -3.364958e-13   -3.363282e-13
1757360              nan             nan    3.131188e-22    3.131039e-22
1766020              nan             nan   -3.066800e+34   -3.065203e+34
1776740     7.100637e-35    7.108709e-35             nan             nan
2014260              nan             nan    1.107001e-36    1.106313e-36
2022500    -7.462980e-29   -7.471093e-29             nan             nan
2023520     2.184902e+23    4.430124e+23             nan             nan
2032120    -2.416808e+04   -2.419498e+04             nan             nan
2034240     9.471568e+01    9.470636e+01             nan             nan
2060100    -6.985962e+21   -6.989902e+21             nan             nan
2060140              nan             nan    1.913303e-26    1.912172e-26
2063100              nan             nan   -2.480549e+07   -2.479992e+07
2067260     4.472476e+23    4.474177e+23             nan             nan
2070160              nan             nan   -1.826265e+27   -1.820140e+27
2074020              nan             nan    5.389814e-12    5.388765e-12
2100620     1.666948e+15    1.666765e+15             nan             nan
2105500              nan             nan    8.229841e-17    8.228331e-17
2125040              nan             nan   -7.856131e+36   -7.850912e+36
2136760    -7.649002e+33   -7.657531e+33             nan             nan
2143420     9.882946e+07    9.868969e+07             nan             nan
2162420              nan             nan   -2.154966e-11   -2.154620e-11
2166320    -7.872644e+36   -7.868181e+36             nan             nan
2177340    -7.707309e+33   -7.707517e+33             nan             nan
2204340              nan             nan   -4.662298e-30   -4.661017e-30
2230240              nan             nan    5.020815e-21    5.019773e-21
2230600              nan             nan   -2.842022e-34   -2.845290e-34
2243400     2.836486e-34    2.840220e-34             nan             nan
2255200     1.998437e-20    1.998252e-20             nan             nan
2262220              nan             nan   -1.582655e+09   -1.583811e+09
2271740              nan             nan   -2.309426e-02   -2.310109e-02
2277540    -1.703826e+18   -1.705474e+18             nan             nan
2311000     3.128313e-22    3.129254e-22             nan             nan
2320620     2.090019e-14    2.065450e-14             nan   -2.500444e+38
2321660    -9.239948e-02   -9.239022e-02             nan             nan
2334600     4.465379e+23    4.462810e+23             nan             nan
2340100              nan             nan   -1.225766e-24   -1.225336e-24
2340140    -1.194785e-27   -1.193324e-27             nan             nan
2346100              nan             nan    3.888947e+05    3.888552e+05
2357160    -1.592035e+09   -1.591709e+09             nan             nan
2407200    -1.738675e+21   -1.738767e+21             nan             nan
2411320     2.482405e+38             nan   -4.339674e+20   -4.351102e+20
2420340     1.825406e-32    1.825650e-32             nan             nan
2425240     6.375820e+09    6.375935e+09             nan             nan
2430660              nan             nan    1.872291e+30    1.873069e+30
2432160              nan             nan   -6.950725e-38   -6.951202e-38
2447320     1.377575e-09    1.376045e-09             nan             nan
2451020     4.278643e+17    4.277202e+17             nan             nan
2474040    -1.382595e-09   -1.382429e-09             nan             nan
2477420     6.059215e+03    6.052944e+03             nan             nan
2500720              nan             nan   -5.235355e-15   -5.232789e-15
2505740              nan             nan   -7.131066e-35   -7.131527e-35
2506640     9.431655e+01    9.422032e+01             nan             nan
2511440              nan             nan   -2.772362e-37   -2.778415e-37
2512260              nan             nan    1.920495e+33    1.920621e+33
2523700     2.186315e-08    2.191715e-08             nan             nan
2534400     4.260600e+17    4.260488e+17             nan             nan
2535220              nan             nan    5.389538e-12    5.390344e-12
2542340              nan             nan    1.287143e-18    1.286794e-18
2553760              nan             nan   -7.318798e-32   -7.319595e-32
2556720    -1.085660e+20   -1.079984e+20             nan    2.500737e+38
2560240              nan             nan   -1.042043e+14   -1.042404e+14
2565760              nan             nan    2.004692e-20    2.005172e-20
2571220              nan             nan    3.197840e-19    3.198556e-19
2571720     8.197473e-17    8.201610e-17             nan             nan
2615740              nan             nan    1.921289e+33    1.918386e+33
2617720     1.141616e+26    1.142544e+26             nan             nan
2621240    -7.468845e+30   -7.477704e+30             nan             nan
2621660              nan             nan    1.142727e-33    1.143246e-33
2627360              nan             nan   -9.048031e-05   -9.045207e-05
2643320    -2.409217e+04   -2.409837e+04             nan             nan
2651640    -7.282537e-32   -7.284295e-32             nan             nan
2652460     1.147041e+26    1.146842e+26             nan             nan
2656340     1.782188e-35    1.782314e-35             nan             nan
2656500              nan             nan    1.115200e-36    1.115446e-36
2657120     2.809370e+22    2.809802e+22             nan             nan
2671200              nan             nan   -6.525777e+12   -6.523453e+12
2714160    -2.324466e-02   -2.324339e-02             nan             nan
2716200              nan             nan    4.139581e+14    4.145358e+14
2720240              nan             nan   -2.982606e-28   -2.980501e-28
2723140              nan             nan    5.910944e+00    5.912601e+00
2723320              nan             nan    2.788129e-37    2.787930e-37
2724600     6.969884e-38    6.971947e-38             nan             nan
2724720     1.588374e+09    1.588144e+09             nan             nan
2725240              nan             nan    1.122146e+23    1.122362e+23
2732320    -2.060582e-17   -2.060638e-17             nan             nan
2743760    -1.122421e+23   -1.122340e+23             nan             nan
2744000     1.199732e-27    1.199500e-27             nan             nan
2744440              nan             nan   -4.468081e+23   -4.470158e+23
2765220     1.747150e+21    1.745618e+21             nan             nan
3000600              nan             nan    2.209267e-08    2.210396e-08
3015200     7.838111e-23    7.837307e-23             nan             nan
3021700    -4.078594e+11   -4.077979e+11             nan             nan
3034760              nan             nan    7.484943e-29    7.491006e-29
3060060              nan             nan   -1.170634e+29   -1.169314e+29
3063640              nan             nan    2.156259e-11    2.155851e-11
3064040              nan             nan   -1.581848e+09   -1.579994e+09
3076700    -5.937709e+00   -5.935739e+00             nan             nan
3104440    -1.092899e+20   -1.092959e+20             nan             nan
3110320    -1.317322e-15   -1.318104e-15             nan             nan
3114620              nan             nan   -7.639852e-26   -7.644298e-26
3123320    -1.809260e-32   -1.811104e-32             nan             nan
3132000              nan             nan    1.591801e+09    1.592067e+09
3140020    -3.708062e-29   -7.418558e-29             nan             nan
3140360              nan             nan    2.008300e-20    2.008844e-20
3170620              nan             nan    4.924605e+35    4.923191e+35
3171000              nan             nan    1.832586e+27    1.833198e+27
3200520              nan             nan    1.829410e+27    1.829329e+27
3202700     3.084403e+34    3.084709e+34             nan             nan
3203060              nan             nan   -3.156023e+37   -3.155951e+37
3205540     3.203502e-19    3.202828e-19             nan             nan
3206560     3.129094e-22    3.129669e-22             nan             nan
3212360              nan             nan    1.016525e+11    1.016659e+11
3213220              nan             nan    3.352178e-13    3.348415e-13
3213540    -4.688477e+29   -4.686187e+29             nan             nan
3214260    -1.117149e+23   -1.117505e+23             nan             nan
3214400    -3.010715e+31   -3.011388e+31             nan             nan
3215260    -3.678236e-29   -7.384165e-29             nan             nan
3225340              nan             nan   -4.563411e-33   -4.564971e-33
3235540              nan             nan    1.781107e+24    1.784192e+24
3236260    -2.012067e-20   -2.012062e-20             nan             nan
3237040              nan             nan   -7.140049e+24   -7.144053e+24
3244160    -1.168230e+29   -1.167028e+29             nan             nan
3247620    -2.371433e+01   -2.372163e+01             nan             nan
3254360              nan             nan    4.449693e+23    4.453187e+23
3266360    -2.936050e+28   -2.936180e+28             nan             nan
3266460    -5.932784e+00   -5.931590e+00             nan             nan
3311540    -1.744881e-38   -1.744792e-38             nan             nan
3311560     1.631971e+12    1.631966e+12             nan             nan
3312300    -1.729944e-38   -1.729615e-38             nan             nan
3322520    -1.660440e+15   -1.660403e+15             nan             nan
3323320              nan             nan   -1.971635e+36   -1.971526e+36
3330600              nan             nan    2.542819e+10    2.543148e+10
3336460              nan             nan   -2.655580e+16   -2.653571e+16
3357640     9.035072e-05    9.036258e-05             nan             nan
3360320    -3.709252e-01   -3.709877e-01             nan             nan
3363360    -6.534161e-16   -6.510169e-16    2.494201e+38             nan
3375140     2.478904e+07    2.479376e+07             nan             nan
3376760              nan             nan    1.997336e-20    1.992472e-20
3407620    -1.833940e+27   -1.833859e+27             nan             nan
3416140    -1.495036e+03   -1.497845e+03             nan             nan
3422300              nan             nan   -3.111147e-22   -3.109915e-22
3426500              nan             nan    3.155312e+37    3.156274e+37
3427600              nan             nan   -5.105848e-18   -5.099674e-18
3433160     3.793557e+02    3.793002e+02             nan             nan
3440300    -2.490177e+07   -2.489965e+07             nan             nan
3441240              nan             nan   -3.125311e-22   -3.127681e-22
3470020              nan             nan    1.869878e-29    1.869977e-29
3471300    -4.360932e+20   -4.366128e+20             nan             nan
3507640     2.488365e+38             nan   -2.241625e-05   -2.248328e-05
3513060              nan             nan   -2.261039e-05   -2.260644e-05
3520520     1.592852e+09    1.592193e+09             nan             nan
3531400              nan             nan    7.175105e+24    7.172892e+24
3531700              nan             nan    4.075870e+11    4.074917e+11
3534460    -8.112162e-17   -8.159030e-17             nan             nan
3540540              nan             nan   -5.508042e-09   -5.508773e-09
3540620              nan             nan   -9.909916e+07   -9.897941e+07
3554660     1.262265e+38    1.262212e+38             nan             nan
3561360              nan             nan   -1.742264e-38   -1.742161e-38
3570140    -4.871947e-24   -4.876242e-24             nan             nan
3573520     1.067840e+17    1.067793e+17             nan             nan
3575000     9.263048e-02    9.263510e-02             nan             nan
3575240     1.410374e-06    1.409714e-06             nan             nan
3605320    -2.797120e+22   -2.797409e+22             nan             nan
3624160     1.039971e+14    1.040009e+14             nan             nan
3630440              nan             nan    4.900979e-24    4.899505e-24
3631060              nan             nan    2.487525e+07    2.487029e+07
3632200    -3.442282e-10   -3.441321e-10             nan             nan
3632300              nan             nan   -9.014003e-05   -9.015574e-05
3646020     5.513855e-09    5.510611e-09             nan             nan
3653420              nan             nan   -4.682648e-30   -4.683091e-30
3664660              nan             nan   -7.132357e-35   -7.132454e-35
3672200     2.598137e+13    2.600371e+13             nan             nan
3703440              nan             nan    1.043507e+14    1.043743e+14
3703740     2.992625e+31    2.993940e+31             nan             nan
3711240              nan             nan    2.315230e-02    2.314915e-02
3714720    -4.479674e+23   -4.479900e+23             nan             nan
3726460     1.233400e+35    1.233434e+35             nan             nan
3726660     5.641372e-06    5.645757e-06             nan             nan
3734360    -9.022083e-05   -9.019589e-05             nan             nan
3737620              nan             nan    3.285493e-16    3.288412e-16
3757600    -4.050844e+11   -4.052510e+11             nan             nan
3761300    -1.735264e-38   -1.737053e-38             nan             nan
3767000     3.687724e-01    3.691420e-01             nan             nan
3771240              nan             nan   -3.513787e-07   -3.516785e-07
3772320              nan             nan    5.502530e-09    5.495584e-09
3774000    -2.991619e+31   -2.990048e+31             nan             nan
3775240              nan             nan   -1.834665e+27   -1.834417e+27
3777540              nan             nan    5.518114e-09    5.517753e-09
4003760              nan             nan   -3.145259e+37   -3.145536e+37
4011360              nan             nan    3.790792e+02    3.791022e+02
4014460     6.337142e+09    6.342028e+09             nan             nan
4016240    -3.684807e-01   -3.686131e-01             nan             nan
4023040     5.771872e-03    5.770248e-03             nan             nan
4023760    -1.732533e-38   -1.732051e-38             nan             nan
4025060    -4.454307e+23   -4.446473e+23             nan             nan
4025420     7.457485e-29    7.460985e-29             nan             nan
4025700              nan             nan    1.086474e+20    1.085257e+20
4031560              nan             nan    9.702544e+04    9.703088e+04
4037620              nan             nan    7.796132e-23    7.781602e-23
4055620              nan             nan   -4.687523e+29   -4.684511e+29
4055660              nan             nan   -4.990582e-21   -4.975353e-21
4065260    -3.189651e+12   -6.460787e+12             nan             nan
4103260    -2.427766e+04   -2.427849e+04             nan             nan
4106600              nan             nan   -5.386254e-12   -5.386232e-12
4110160              nan             nan    2.006610e-20    2.006671e-20
4126700    -2.990002e-28   -2.988691e-28             nan             nan
4133420    -1.227270e-24   -1.226946e-24             nan             nan
4151560              nan             nan    2.155773e-11    2.156109e-11
4156660              nan             nan    1.879860e+30    1.879369e+30
4176720              nan             nan   -5.114215e-18   -5.123931e-18
4177060              nan             nan    1.256303e+38    1.255260e+38
4177320              nan             nan    1.911570e+33    1.913289e+33
4201260     2.474676e+07    2.477495e+07             nan             nan
4201340              nan             nan    4.367280e+20    4.368078e+20
4202120              nan             nan   -1.591115e+09   -1.590513e+09
4207120              nan             nan   -1.789887e+24   -1.788867e+24
4210440     1.427308e-03    1.435203e-03             nan             nan
4227620              nan             nan   -4.670710e+29   -4.669391e+29
4231260              nan             nan   -3.772273e+02   -3.779003e+02
4232140              nan             nan    6.686524e+15    6.686256e+15
4236740    -5.269782e-15   -5.271403e-15             nan             nan
4237040     9.057084e-05    9.053566e-05             nan             nan
5333300              nan             nan    4.774789e+32    4.774430e+32
5335640              nan             nan    8.758627e-08    8.752461e-08
5342340    -3.692263e+30   -3.662100e+30    2.457594e+38             nan
5352120              nan             nan   -6.937617e-38   -6.940647e-38
5356300              nan             nan   -1.737037e+21   -1.738731e+21
5362200    -2.904186e-31   -2.908310e-31             nan             nan
5370740     2.913713e+28    2.914702e+28             nan             nan
5401560              nan             nan   -9.902032e+07   -9.906202e+07
5422520     1.190512e+32    1.191364e+32             nan             nan
5425020              nan             nan    1.377666e-09    1.377750e-09
5427160     2.423835e+04    2.424975e+04             nan             nan
5442460     3.386729e+18    3.372843e+18   -2.488719e+38             nan
5445540              nan             nan    8.600533e-11    8.596066e-11
5454140     3.352275e-13    3.351856e-13             nan             nan
5456460              nan             nan   -2.418859e+04   -2.419645e+04
5465000              nan             nan   -6.811827e+18   -6.812241e+18
5466600    -4.268428e+17   -4.267851e+17             nan             nan
5502540              nan             nan   -5.100881e-18   -5.101127e-18
5504620     4.874081e-24    4.874921e-24             nan             nan
5506540              nan             nan    1.863402e+30    1.863664e+30
5507320              nan             nan    7.416960e-29    7.406619e-29
5521700    -8.030413e-20   -8.028873e-20             nan             nan
5523220     1.224118e+35    1.225732e+35             nan             nan
5525520              nan             nan    7.401171e+30    7.415865e+30
5545100    -3.883941e+05   -3.883802e+05             nan             nan
5553300    -6.196066e+06   -6.197878e+06             nan             nan
5561760              nan             nan   -2.544596e+10   -2.544145e+10
5567620     2.481995e+07    2.480524e+07             nan             nan
5572000              nan             nan   -2.411069e+04   -2.412428e+04
5572040     5.620352e-06    5.620520e-06             nan             nan
5576060              nan             nan    1.112199e-36    1.112728e-36
5576220              nan             nan   -1.218296e-24   -1.218869e-24
5576520              nan             nan   -4.890788e-24   -4.893086e-24
5576560    -3.447385e-10   -3.448690e-10             nan             nan
5602260              nan             nan   -1.090438e+20   -1.091368e+20
5603100     9.471643e+01    9.465912e+01             nan             nan
5603220              nan             nan    7.781990e-23    7.767182e-23
5611200     3.000626e+31    3.000933e+31             nan             nan
5611260    -2.918134e-31   -2.918523e-31             nan             nan
5613120    -2.149844e-11   -2.150108e-11             nan             nan
5613540     1.116847e+23    1.116193e+23             nan             nan
5617400    -7.122544e+24   -7.117700e+24             nan             nan
5623500              nan             nan   -1.193592e-27   -1.193478e-27
5634260              nan             nan   -2.998152e+31   -2.998414e+31
5634360              nan             nan    7.296220e-32    7.295583e-32
5634640    -2.476605e+07   -2.473784e+07             nan             nan
5654460              nan             nan    7.069524e+24    7.074224e+24
5661020     8.143859e-17    8.143126e-17             nan             nan
5661060              nan             nan   -3.757199e+02   -3.758586e+02
5667760    -3.136121e-22   -3.135384e-22             nan             nan
5670060              nan             nan   -1.660764e+15   -1.659711e+15
5673640     1.057076e+17    1.056572e+17             nan             nan
5675540              nan             nan    7.141419e+24    7.141851e+24
5706660              nan             nan   -4.472031e+23   -4.473715e+23
5710320     1.828490e+27    1.828789e+27             nan             nan
5713060    -3.608846e-04   -3.610065e-04             nan             nan
5715360     4.264814e+17    4.263032e+17             nan             nan
5723500     7.826084e-23    7.828090e-23             nan             nan
5727760    -5.642023e-06   -5.645230e-06             nan             nan
5731720     3.858870e+05    3.860654e+05             nan             nan
5733660    -7.767958e-23   -7.775738e-23             nan             nan
5742640              nan             nan    1.116267e+23    1.115779e+23
5751060              nan             nan    4.564312e-33    4.564862e-33
5755260              nan             nan    2.259992e-05    2.260532e-05
5761240     2.921430e+28    2.919373e+28             nan             nan
5770120              nan             nan    3.971066e+08    3.968112e+08
5776340    -4.582911e+26   -4.584388e+26             nan             nan
6026360              nan             nan   -1.002074e+11   -1.002360e+11
6026440              nan             nan    1.129979e+26    1.130654e+26
6027160              nan             nan   -2.772542e+22   -2.772507e+22
6027360     2.892694e-31    2.892382e-31             nan             nan
6027460              nan             nan    3.169751e-19    3.168546e-19
6055600              nan             nan   -2.917431e+28   -2.918328e+28
6056100    -1.585640e+09   -1.585894e+09             nan             nan
6063000    -6.948122e-38   -6.950377e-38             nan             nan
6065420     2.152654e-11    2.153365e-11             nan             nan
6067520    -3.349081e-13   -3.348706e-13             nan             nan
6070340     1.409578e-06    1.410085e-06             nan             nan
6101560     7.622958e-26    7.622659e-26             nan             nan
6111160              nan             nan   -1.368353e-09   -1.370450e-09
6111360     3.869779e+05    3.870299e+05             nan             nan
6114040              nan             nan    2.857455e+25    2.856646e+25
6114060     1.250942e-21    1.250449e-21             nan             nan
6116420              nan             nan   -1.219074e-24   -1.219490e-24
6123760              nan             nan   -7.796865e-23   -7.801427e-23
6130600     2.651500e+16    2.650211e+16             nan             nan
6140420     2.419350e+04    2.419273e+04             nan             nan
6140560              nan             nan    2.196787e-08    2.198203e-08
6141060              nan             nan    4.670734e-30    4.672002e-30
6141200    -2.787471e-37   -2.786802e-37             nan             nan
6156040              nan    2.500257e+38    3.906652e+36    3.918206e+36
6167000              nan             nan    1.255244e+38    1.256317e+38
6167200    -4.663082e-30   -4.662820e-30             nan             nan
6167520    -1.998073e-20   -1.999546e-20             nan             nan
6202220              nan             nan    1.747710e+21    1.747903e+21
6214140              nan             nan    1.516058e+03    1.515621e+03
6222060              nan    2.493159e+38   -3.878742e-23   -3.890894e-23
6223640     4.678510e-30    4.678382e-30             nan             nan
6226660              nan   -2.501469e+38   -1.262919e+10   -1.266741e+10
6237640     3.460704e-07    3.494439e-07             nan             nan
6240000     2.398886e+04    2.397308e+04             nan             nan
6245460              nan             nan    3.771414e+02    3.773869e+02
6255540    -1.114564e-36   -1.114891e-36             nan             nan
6264720              nan             nan   -9.021019e-05   -9.022339e-05
6265100              nan             nan    2.790273e+22    2.789731e+22
6271240     1.592112e-19    3.160764e-19             nan             nan
6306340              nan             nan    3.700757e-01    3.700334e-01
6311260    -8.173370e-17   -8.178467e-17             nan             nan
6314700     4.896756e+35    4.896058e+35             nan             nan
6326720              nan             nan   -1.063368e+17   -1.063982e+17
6331000    -7.431142e+30   -7.436163e+30             nan             nan
6332740    -1.091321e+20   -1.091496e+20             nan             nan
6345320              nan             nan    3.134845e-22    3.136452e-22
6347660              nan             nan    7.809321e+36    7.768229e+36
6354600              nan             nan    2.303439e-02    2.302599e-02
6364520              nan             nan    1.582187e+09    1.583424e+09
6365040              nan             nan   -1.173377e+29   -1.173434e+29
6371700              nan             nan    4.583720e+26    4.584980e+26
6377320              nan             nan    7.139291e-35    7.139207e-35
6377360              nan             nan    4.788091e-27    4.786285e-27
6400040    -4.755110e+32   -4.754359e+32             nan             nan
6401040     6.943168e+24    7.087724e+24             nan             nan
6403540    -1.041612e+14   -1.041586e+14             nan             nan
6406040    -5.250666e-15   -5.248869e-15             nan             nan
6406440    -2.043436e-17   -2.043680e-17             nan             nan
6406760    -1.111452e+23   -1.111452e+23             nan             nan
6423140              nan             nan   -1.542114e+06   -1.543643e+06
6424020              nan             nan   -6.802239e+18   -6.798704e+18
6430460     9.048135e-05    9.048454e-05             nan             nan
6456700              nan             nan    3.274651e-16    3.275006e-16
6463000              nan             nan   -7.099960e+24   -7.095251e+24
6463760    -2.358815e+01   -2.359693e+01             nan             nan
6464040    -3.054351e-25   -3.054726e-25             nan             nan
6467700     4.215502e+17    4.220114e+17             nan             nan
6472140     3.059532e-25    3.058248e-25             nan             nan
6501640              nan             nan    5.661972e-06    5.661833e-06
6502260              nan             nan   -2.533702e+10   -2.533229e+10
6516400    -8.017111e-20   -8.022812e-20             nan             nan
6526500     6.345840e+09    6.348350e+09             nan             nan
6537500              nan             nan    7.310919e+27    7.307080e+27
6537640              nan             nan    9.207555e-02    9.204897e-02
6561260              nan             nan    1.704277e+18    1.704333e+18
6615700    -2.311041e-02   -2.311668e-02             nan             nan
6625620              nan             nan    1.666102e+15    1.666101e+15
6632460              nan             nan    2.251743e-05    2.251222e-05
6637300              nan             nan   -5.142294e-18   -5.143064e-18
6637700    -2.852946e-34   -2.852884e-34             nan             nan
6642700    -6.824946e+18   -6.821787e+18             nan             nan
6651640              nan             nan   -2.667106e+16   -2.667176e+16
6654660     2.543537e+10    2.542712e+10             nan             nan
6655060     4.559397e-33    4.559224e-33             nan             nan
6656440    -1.280432e-18   -1.280973e-18             nan             nan
6656600    -5.652109e-06   -5.651873e-06             nan             nan
6662540              nan             nan   -8.781579e-08   -8.777703e-08
6664000              nan             nan   -4.581478e+26   -4.582227e+26
6671160              nan             nan    1.516071e+03    1.515929e+03
6674120              nan             nan   -2.926354e+28   -2.925022e+28
6711420    -1.638603e+15   -1.644152e+15             nan             nan
6715400              nan             nan   -4.662212e-30   -4.661420e-30
6715660    -4.266275e+17   -4.266382e+17             nan             nan
6722240              nan             nan    9.451371e+01    9.452330e+01
6742140              nan             nan    2.904361e-31    2.904315e-31
6746700              nan             nan   -7.679841e+33   -7.682739e+33
6751240              nan             nan    4.871212e-24    4.867688e-24
6751300              nan             nan    1.899552e-26    1.901134e-26
6754620    -3.698976e-01   -3.700319e-01             nan             nan
6756540              nan             nan   -4.541076e-33   -4.542255e-33
6761420              nan             nan   -1.704644e+18   -1.705057e+18
6767360     9.581192e+04    9.569238e+04             nan             nan
6770620     2.407891e+04    2.410836e+04             nan             nan
7004240              nan             nan    4.235482e+17    4.237599e+17
7005460    -1.135464e-33   -1.134747e-33             nan             nan
7011360    -9.014637e-05   -9.014500e-05             nan             nan
7012740              nan             nan    1.733459e-38    1.733760e-38
7023020              nan             nan    1.141448e-33    1.141355e-33
7045400              nan             nan    1.241141e-21    1.241756e-21
7046620    -2.901823e-31   -2.899736e-31             nan             nan
7050300              nan             nan    4.875685e-24    4.869068e-24
7062260     9.030295e-05    9.030840e-05             nan             nan
7064320              nan             nan   -3.450462e-10   -3.448912e-10
7071160    -1.880634e+30   -1.880670e+30             nan             nan
7071520              nan             nan   -1.583529e+09   -1.582992e+09
7071660     9.879001e+07    9.876463e+07             nan             nan
7105620              nan             nan   -1.169583e-30   -1.169950e-30
7106520     2.540570e+10    2.540501e+10             nan             nan
7110260              nan             nan    2.547752e+10    2.548600e+10
7115340     1.792105e+24    1.792746e+24             nan             nan
7132040     2.785145e+22    2.786716e+22             nan             nan
7142000    -4.463242e-36   -4.462993e-36             nan             nan
7147560              nan             nan   -1.088858e+20   -1.089127e+20
7151520    -3.206499e-19   -3.205595e-19             nan             nan
7154000    -4.365700e+20   -4.368004e+20             nan             nan
7170700              nan             nan   -6.226198e+06   -6.227188e+06
7174140              nan             nan   -1.017538e+11   -1.017636e+11
7203340              nan             nan    9.488680e+01    9.491971e+01
7220200    -7.895438e+36   -7.896229e+36             nan             nan
7230120     1.666850e+15    1.666370e+15             nan             nan
7237300     3.701699e-01    3.702119e-01             nan             nan
7237440    -8.247210e-17   -8.247791e-17             nan             nan
7247600              nan             nan    1.136212e-33    1.135022e-33
7254700    -5.010988e-21   -5.007821e-21             nan             nan
7276160    -7.019104e+21   -7.019390e+21             nan             nan
7277740              nan             nan   -3.193841e-19   -3.194699e-19
7300260     1.744046e+21    1.744711e+21             nan             nan
7310460     5.663022e-06    5.660705e-06             nan             nan
7313520    -5.076663e-18   -5.094419e-18             nan             nan
7330260     1.740215e+21    1.740830e+21             nan             nan
7337300    -7.893324e+36   -7.893786e+36             nan             nan
7351620     3.886019e+05    3.884822e+05             nan             nan
7364140    -3.870397e+05   -3.869569e+05             nan             nan
7365660     3.064506e-25    3.065769e-25             nan             nan
7373040              nan             nan    3.294075e-16    3.295180e-16
7373220     4.699733e+29    4.698568e+29             nan             nan
7373640     4.476538e+23    4.476674e+23             nan             nan
7373660     4.269439e+17    4.269630e+17             nan             nan
7402700              nan             nan   -3.002401e+31   -3.000672e+31
7405200    -2.430979e+04   -2.431151e+04             nan             nan
7422000              nan             nan    1.446357e-03    1.446464e-03
7424300              nan             nan    8.599964e-11    8.608884e-11
7425360              nan             nan   -1.908404e-26   -1.907904e-26
7427240    -1.825925e-32   -1.825420e-32             nan             nan
7431500    -3.062235e-25   -3.062777e-25             nan             nan
7436660     1.751353e+21    1.752384e+21             nan             nan
7441600    -2.056490e-17   -2.056810e-17             nan             nan
7444120     2.872390e+25    2.872294e+25             nan             nan
7444300              nan             nan   -2.676638e+16   -2.676592e+16
7446600     2.004351e-20    2.004321e-20             nan             nan
7446640    -4.668505e-30   -4.669375e-30             nan             nan
7461000     9.261061e-02    9.259660e-02             nan             nan
7470040              nan             nan   -7.075431e-35   -7.088122e-35
7470340     2.805869e+22    2.806193e+22             nan             nan
7500040     8.806698e-08    8.815537e-08             nan             nan
7500300    -4.682507e-30   -4.683980e-30             nan             nan
7500540              nan             nan   -3.864645e+05   -3.862510e+05
7503200     9.961960e+07    9.962271e+07             nan             nan
7514140    -2.028314e-17   -2.038908e-17             nan             nan
7527460     7.710064e+33    7.708475e+33             nan             nan
7527720              nan             nan    2.209813e-08    2.208904e-08
7536140              nan             nan    1.739070e+21    1.739695e+21
7541520              nan             nan    1.747556e-38    1.747399e-38
7546760     1.147767e+26    1.147979e+26             nan             nan
7553660    -4.474014e-36   -4.474412e-36             nan             nan
7565240     1.447630e-03    1.447988e-03             nan             nan
7566340              nan             nan   -1.288041e-18   -1.287968e-18
7601740              nan             nan    2.834302e-34    2.839308e-34
7605340    -3.071508e-25   -3.070983e-25             nan             nan
7611760              nan             nan   -3.375986e-13   -3.376112e-13
7614260              nan             nan    9.259498e-02    9.259462e-02
7617160     1.671570e+15    1.671677e+15             nan             nan
7626640     1.628241e+12    1.628417e+12             nan             nan
7634320              nan             nan    9.038643e-05    9.031836e-05
7636440    -8.865684e-08   -8.866192e-08             nan             nan
7653020     4.666425e-30    4.669783e-30             nan             nan
7655400              nan             nan   -4.788968e-27   -4.790621e-27
7663360    -1.264720e+38   -1.264457e+38             nan             nan
7665420              nan             nan   -1.790514e+24   -1.790264e+24
7670020              nan             nan   -4.822366e+32   -4.822592e+32
7670160              nan             nan   -3.893619e+05   -3.893638e+05
7674640     2.856527e-34    2.857272e-34             nan             nan
7702260     3.803687e+02    3.802984e+02             nan             nan
7707540              nan             nan    9.989044e+07    9.989981e+07
7714000    -7.655445e-26   -7.656685e-26             nan             nan
7727120    -1.711785e+18   -1.711418e+18             nan             nan
7731440    -2.154009e-11   -2.154529e-11             nan             nan
7734140    -1.487876e+00   -1.487705e+00             nan             nan
7741040              nan             nan   -8.647085e-11   -8.647322e-11
7745400              nan             nan   -7.699878e+33   -7.701369e+33
7745600              nan             nan   -2.213167e-08   -2.213206e-08
7746260    -8.870815e-08   -8.870881e-08             nan             nan
7746360              nan             nan   -1.021032e+11   -1.020685e+11
7755660              nan             nan    1.086418e+20    1.084985e+20
7760720              nan             nan    7.503013e+30    7.502167e+30
7764700     6.071707e+03    6.070321e+03             nan             nan
7765460     9.721552e+04    9.724236e+04             nan             nan
7776620    -2.177611e-08   -2.190761e-08             nan             nan
10014500              nan             nan   -5.480937e-09   -5.494173e-09
10024040              nan             nan    3.011444e+31    3.011284e+31
10031500     1.015979e+11    1.015356e+11             nan             nan
10035360              nan             nan    1.066527e+17    1.067009e+17
12670760              nan             nan   -6.871978e-38   -6.877896e-38
12700060              nan             nan    1.715997e-38    1.703789e-38
12703500    -3.850292e+05   -3.851624e+05             nan             nan
12707140    -5.479627e-09   -5.481109e-09             nan             nan
12722120              nan   -2.474186e+38    3.418798e-38    3.435982e-38
12734240              nan             nan   -1.506412e+03   -1.506525e+03
12736040              nan             nan    1.364696e-09    1.365394e-09
12742160              nan             nan   -7.265376e-32   -7.263368e-32
12745420              nan             nan   -3.110037e-22   -3.111036e-22
12751720    -2.904067e-31   -2.900469e-31             nan             nan
13002240              nan             nan    1.825210e+27    1.825206e+27
13040520              nan             nan   -6.871978e-38   -6.877896e-38
13047620              nan             nan    1.715997e-38    1.703789e-38
13053240    -3.850292e+05   -3.851624e+05             nan             nan
13056700    -5.479627e-09   -5.481109e-09             nan             nan
13071660              nan   -2.474186e+38    3.418798e-38    3.435982e-38
13104000              nan             nan   -1.506412e+03   -1.506525e+03
13105600              nan             nan    1.364696e-09    1.365394e-09
13111720              nan             nan   -7.265376e-32   -7.263368e-32
13115160              nan             nan   -3.110037e-22   -3.111036e-22
13121460    -2.904067e-31   -2.900469e-31             nan             nan
13152000              nan             nan    1.825210e+27    1.825206e+27
13152120              nan             nan    1.191297e-27    1.191283e-27
13210540              nan             nan   -6.871978e-38   -6.877896e-38
13217640              nan             nan    1.715997e-38    1.703789e-38
13223260    -3.850292e+05   -3.851624e+05             nan             nan
13226720    -5.479627e-09   -5.481109e-09             nan             nan
13241700              nan   -2.474186e+38    3.418798e-38    3.435982e-38
13254020              nan             nan   -1.506412e+03   -1.506525e+03
13255620              nan             nan    1.364696e-09    1.365394e-09
13261740              nan             nan   -7.265376e-32   -7.263368e-32
13265200              nan             nan   -3.110037e-22   -3.111036e-22
13271500    -2.904067e-31   -2.900469e-31             nan             nan
13322020              nan             nan    1.825210e+27    1.825206e+27
13322140              nan             nan    1.191297e-27    1.191283e-27
13334140    -7.138965e+27   -7.137382e+27             nan             nan
13336100     3.459506e-07    3.459658e-07             nan             nan
13353540     6.458613e+12    6.459069e+12             nan             nan
13364720     5.893817e+31    1.174329e+32             nan             nan
13367060              nan             nan    1.307089e-15    1.306965e-15
13374300              nan             nan    3.593229e-04    3.593845e-04
13415540    -1.824753e+27   -1.824738e+27             nan             nan
13422240    -5.300985e-12   -5.306097e-12             nan             nan
13423200              nan             nan   -7.600979e-26   -7.602256e-26
13423760              nan             nan    3.261617e-16    3.261719e-16
13426260              nan             nan   -1.698912e+18   -1.699007e+18
13426660    -6.787189e+18   -6.789552e+18             nan             nan
13431160              nan             nan    5.113756e-18    5.115873e-18
13434220    -1.581677e+09   -1.581392e+09             nan             nan
13445720     1.331322e-12    1.332312e-12             nan             nan
13447440              nan             nan    1.009049e+11    1.008550e+11
13450040     3.334318e-13    3.335103e-13             nan             nan
13452240              nan             nan   -1.905729e-26   -1.905561e-26
13454540     1.724146e-38    1.725828e-38             nan             nan
13464020              nan             nan    2.041348e-17    2.041475e-17
13466520    -8.781781e-08   -8.780693e-08             nan             nan
13504340              nan             nan   -6.134204e+06   -6.100276e+06
13504740    -1.086746e+20   -1.086981e+20             nan             nan
13507120    -1.857975e-29   -1.857839e-29             nan             nan
13507440              nan             nan   -1.035325e+14   -1.034891e+14
13520760     3.664683e-01    3.664500e-01             nan             nan
13523540              nan             nan    7.646966e+33    7.642501e+33
13532360    -2.773004e-37   -2.773241e-37             nan             nan
13535140              nan             nan   -2.304021e-02   -2.304865e-02
13536600    -4.859416e+35   -4.873544e+35             nan             nan
13543660     6.293485e+09    6.294444e+09             nan             nan
13550760    -3.601589e-04   -3.601621e-04             nan             nan
13551020              nan             nan   -2.908979e-31   -2.908815e-31
13567120    -7.595430e-26   -7.595854e-26             nan             nan
13567160     6.024364e+03    6.026788e+03             nan             nan
13573560     1.955150e+36    1.956999e+36             nan             nan
13620440              nan             nan   -8.153949e-17   -8.159437e-17
13627500    -3.068295e+34   -3.068297e+34             nan             nan
13644600    -3.193767e-19   -3.195792e-19             nan             nan
13647640              nan             nan   -7.113247e-35   -7.112805e-35
13654040    -2.359992e+01   -2.360726e+01             nan             nan
13657220              nan             nan    9.841737e+07    9.829354e+07
13675060    -3.521791e-07   -3.520964e-07             nan             nan
13675260     3.668073e-01    3.673375e-01             nan             nan
13700220     2.098386e-14    2.097922e-14             nan             nan
13707360     1.138880e-33    1.139172e-33             nan             nan
13713260              nan             nan    6.946568e-38    6.948320e-38
13721140              nan             nan    4.888973e-24    4.887638e-24
13725460              nan             nan   -4.447051e-36   -4.446799e-36
13726260              nan             nan    4.527552e+26    4.527141e+26
13741560     3.044841e+34    3.027568e+34             nan    2.486335e+38
13757520              nan             nan   -4.555633e-33   -4.552220e-33
13760300    -5.109708e-18   -5.105305e-18             nan             nan
13764640              nan             nan    8.977629e-05    8.994238e-05
13766500              nan             nan   -1.692358e+18   -1.691885e+18
14004640              nan             nan    3.279386e-16    3.279064e-16
14026260              nan             nan    1.159369e-30    1.156838e-30
14040520              nan             nan   -9.657849e+04   -9.647220e+04
14041160     7.499755e-26    7.543940e-26             nan             nan
14052420              nan             nan    8.573338e-11    8.567195e-11
14064260              nan             nan    2.358480e+01    2.357155e+01
14102220              nan             nan    1.135492e-33    1.135885e-33
14105160              nan             nan    2.304347e-02    2.305874e-02
14123760              nan             nan   -5.111106e-18   -5.109629e-18
14130260              nan   -2.495346e+38   -1.667369e-13   -1.672807e-13
14134540              nan             nan    9.454700e+01    9.451508e+01
14142040    -1.230278e+35   -1.230181e+35             nan             nan
14144700    -7.838369e+36   -7.836178e+36             nan             nan
14147460              nan             nan    7.145737e+24    7.147876e+24
14151040    -9.923959e+07   -9.928990e+07             nan             nan
14160220     9.942168e+07    9.943365e+07             nan             nan
14175360              nan             nan   -1.473885e+00   -1.473375e+00
14201220     3.508284e-07    3.507819e-07             nan             nan
14207300              nan             nan   -6.823171e+18   -6.821673e+18
14212500     7.114753e+24    7.105665e+24             nan             nan
14222140              nan             nan   -4.008429e+11   -2.004019e+11
14223140    -3.690695e-01   -3.690346e-01             nan             nan
14234540              nan             nan    1.037350e+14    1.037948e+14
14245420              nan             nan    1.775971e-35    1.775308e-35
14263620    -6.349146e+09   -6.348467e+09             nan             nan
14274120     1.856480e-29    1.857540e-29             nan             nan
14274140     1.738370e+21    1.738963e+21             nan             nan
14301260     2.248641e-05    2.248172e-05             nan             nan
14306200     6.987125e+21    6.985829e+21             nan             nan
14306320              nan             nan   -2.717032e+19   -2.716664e+19
14311340     1.038372e+14    1.037140e+14             nan             nan
14313620              nan             nan    4.461479e+23    4.464581e+23
14345360              nan             nan   -3.438252e-10   -3.439242e-10
14347040    -5.678318e+25   -5.649470e+25    2.484663e+38             nan
14347320    -8.566643e-11   -8.558075e-11             nan             nan
14354560              nan             nan   -3.874660e+05   -3.874834e+05
14354720     4.555517e-33    4.554343e-33             nan             nan
14355040    -1.475299e+00   -1.476102e+00             nan             nan
14356640              nan             nan    7.310773e+27    7.311111e+27
14356760              nan             nan   -6.472557e+12   -6.474129e+12
14361200     2.999605e+31    3.001259e+31             nan             nan
14361520              nan             nan   -7.128444e+24   -7.127697e+24
14367240     6.455761e+12    6.404182e+12             nan   -2.490644e+38
14370440    -6.658926e+15   -6.662123e+15             nan             nan
14375040              nan             nan   -1.730832e+21   -1.722059e+21
14402620              nan             nan    2.836331e-34    2.834973e-34
14405500              nan             nan    3.145060e+37    3.144522e+37
14424660              nan             nan    4.550023e+26    4.546430e+26
14425340     1.343402e-12    1.344192e-12             nan             nan
14426340    -1.910830e-26   -1.911327e-26             nan             nan
14432660              nan             nan   -7.778044e-23   -7.757316e-23
14434060              nan             nan    4.870162e-24    4.873574e-24
14436300     2.245275e-05    2.244777e-05             nan             nan
14444000     1.093108e+20    1.093015e+20             nan             nan
14460320              nan             nan   -4.251811e+17   -4.254872e+17
14460420    -1.376596e-09   -1.375926e-09             nan             nan
14466720     1.943170e-23    1.944234e-23             nan             nan
14467000    -5.751599e-03   -5.752842e-03             nan             nan
14472460              nan             nan    5.508540e-09    5.512569e-09
14501300              nan             nan   -2.292616e-02   -2.291238e-02
14501640    -2.664894e+16   -2.665611e+16             nan             nan
14524500              nan             nan    1.250883e+38    1.250829e+38
14526740              nan             nan    1.693577e+18    1.696498e+18
14541100    -2.364202e+01   -2.364235e+01             nan             nan
14546660     3.607765e-04    3.608664e-04             nan             nan
14551640     2.485904e+07    2.485947e+07             nan             nan
14552040    -1.374745e-09   -1.374166e-09             nan             nan
14565700              nan             nan   -7.111914e-35   -7.110336e-35
14567760              nan             nan   -6.516184e+12   -6.516483e+12
14603260              nan             nan   -2.003277e-20   -2.003979e-20
14603660              nan             nan    4.060279e+11    4.058951e+11
14611320     6.824073e+18    6.820547e+18             nan             nan
14626640              nan             nan   -2.656123e+16   -2.656361e+16
14634660     4.911673e+35    4.910287e+35             nan             nan
14636040              nan             nan    3.347486e-13    3.324150e-13
14636640    -7.102572e+24   -7.093553e+24             nan             nan
14650160              nan             nan   -3.071757e+34   -3.070455e+34
14650440     3.702377e-01    3.701949e-01             nan             nan
14667100              nan             nan   -1.784348e+24   -1.782496e+24
14671440              nan             nan   -4.562367e-33   -4.560553e-33
14700040              nan             nan   -6.916098e-38   -6.923978e-38
14702700              nan             nan    1.735712e-38    1.735069e-38
14717640              nan             nan   -2.356754e+01   -2.354583e+01
14730460              nan             nan   -1.896640e-26   -1.899213e-26
14735100              nan             nan    1.092464e+20    1.092026e+20
14736520              nan             nan   -2.202380e-08   -2.203094e-08
14737140    -1.313751e-15   -1.313170e-15             nan             nan
14744360     1.018112e+11    1.018110e+11             nan             nan
14760240              nan             nan    4.170874e+14    4.169411e+14
14765600     3.140202e-22    3.139990e-22             nan             nan
14773420    -1.910211e-26   -1.910196e-26             nan             nan
14775300     8.755335e-08    8.763550e-08             nan             nan
14777040     6.960203e+21    6.963274e+21             nan             nan
15001420              nan             nan    1.173828e+29    1.173256e+29
15004040    -9.418618e-27   -1.895741e-26             nan             nan
15015020     6.210551e+06    6.207070e+06             nan             nan
15026660     4.239052e+17    4.237460e+17             nan             nan
15042000     8.778012e-08    8.782354e-08             nan             nan
15050420    -1.232947e+07   -1.229079e+07    2.492869e+38             nan
15055260              nan             nan   -7.262343e+27   -7.269749e+27
15056640              nan             nan    9.016655e-05    9.018707e-05
15057360              nan             nan   -4.895240e-24   -4.897445e-24
15061240              nan             nan    1.042221e+14    1.041958e+14
15061260              nan             nan   -1.224355e-24   -1.223722e-24
15071040     1.228301e+35    1.228589e+35             nan             nan
15105600    -1.509938e+03   -1.509979e+03             nan             nan
15112200              nan             nan    2.421895e+04    2.422039e+04
15113400     1.515800e+03    1.515906e+03             nan             nan
15127400    -6.624693e+15   -6.634879e+15             nan             nan
15131640     8.805439e-08    8.800106e-08             nan             nan
15134740     5.133411e-18    5.134128e-18             nan             nan
15150620              nan             nan    8.022917e-20    8.020836e-20
15156040              nan             nan   -2.927420e+28   -2.927247e+28
15156420    -1.111013e-36   -1.111027e-36             nan             nan
15160220              nan             nan   -2.156134e-11   -2.156586e-11
15167340              nan             nan   -3.859798e+05   -3.860005e+05
15177500              nan             nan    6.194268e+06    6.194907e+06
15201400    -2.007503e-20   -2.007826e-20             nan             nan
15205500    -2.539491e+10   -2.538540e+10             nan             nan
15205600              nan             nan   -3.852242e+05   -3.857323e+05
15207220    -3.360059e-13   -3.361421e-13             nan             nan
15210500              nan             nan    1.955727e-23    1.955567e-23
15213060     1.140592e-33    1.140625e-33             nan             nan
15230460    -1.167496e-30   -1.167330e-30             nan             nan
15230620              nan             nan    2.054861e-17    2.054984e-17
15230740     3.129250e-22    3.129391e-22             nan             nan
15236600              nan             nan    8.521231e-11    8.516144e-11
15250000     3.785124e+02    3.784058e+02             nan             nan
15257420    -4.536951e-33   -4.537920e-33             nan             nan
15260720              nan             nan   -1.160770e-30   -1.161576e-30
15266020              nan             nan    1.997810e-20    1.998213e-20
15277160              nan             nan   -9.469804e+01   -9.464973e+01
15307100              nan             nan    1.960035e+36    1.959231e+36
15311360     2.047866e-17    2.049148e-17             nan             nan
15322200              nan             nan    2.261377e-05    2.261472e-05
15331720              nan             nan   -1.019128e+11   -1.019111e+11
15336240              nan             nan   -1.054840e+17   -1.052761e+17
15340760     2.367885e+01    2.367492e+01             nan             nan
15356240    -1.408806e-34   -2.818006e-34             nan             nan
15367720    -1.136473e+26   -1.136249e+26             nan             nan
15377600    -1.137706e-33   -1.138376e-33             nan             nan
15421020              nan             nan    5.931963e+00    5.932972e+00
15442260    -7.878415e+36   -7.878793e+36             nan             nan
15443740              nan             nan    4.253339e+17    4.253943e+17
15444460    -1.512180e+03   -1.512126e+03             nan             nan
15444520     3.278943e-16    3.279089e-16             nan             nan
15445160     2.851848e+25    2.853500e+25             nan             nan
15454020              nan             nan    5.344769e-12    5.338964e-12
15455500              nan             nan   -3.972265e+08   -3.971790e+08
15455740    -1.916591e-26   -1.916732e-26             nan             nan
15462640              nan             nan    6.203340e+06    6.204550e+06
15477360              nan             nan   -1.244669e-21   -1.239873e-21
15504740              nan             nan   -7.290315e-32   -7.290200e-32
15514460    -1.136573e-33   -1.136374e-33             nan             nan
15523300              nan             nan    1.441362e-03    1.442579e-03
15531240              nan             nan   -2.863131e+25   -2.864126e+25
15543300              nan             nan    7.697733e+33    7.697324e+33
15547460              nan             nan    6.436754e+12    6.440485e+12
15551200              nan             nan   -6.496534e+12   -6.492168e+12
15552140              nan             nan    2.422265e+04    2.422880e+04
15554540    -7.659652e-26   -7.662344e-26             nan             nan
15556420              nan             nan   -1.031241e+14   -1.032175e+14
15567460              nan             nan   -1.229837e+35   -1.229725e+35
15576160              nan             nan    3.057950e-25    3.058573e-25
15613420              nan             nan    3.148889e+37    3.149687e+37
15614400              nan             nan    1.893449e-26    1.888841e-26
15620320              nan             nan    6.911027e-38    6.921347e-38
15630340     1.394564e-06    1.398168e-06             nan             nan
15645260     2.488739e+38             nan   -9.123909e-02   -9.169014e-02
15653300     1.107706e-36    1.109389e-36             nan             nan
15657660              nan             nan   -6.464241e+12   -6.473902e+12
15664300              nan             nan   -3.501806e-07   -3.504861e-07
15665060     7.780486e-23    7.795766e-23             nan             nan
15672140              nan             nan    1.111789e+23    1.110992e+23
15675000              nan             nan    3.003913e+31    3.003624e+31
15677660    -8.789620e-08   -8.781143e-08             nan             nan
15705460              nan             nan    1.654298e+15    1.653609e+15
15712540              nan             nan    1.088648e+20    1.087287e+20
15716220     9.920486e+07    9.918828e+07             nan             nan
15716300              nan             nan    9.456328e+01    9.455360e+01
15721620     3.102271e-22    3.111406e-22             nan             nan
15726120     9.678520e+04    9.678738e+04             nan             nan
15726240              nan             nan    6.167605e+06    6.162720e+06
15734320              nan             nan    7.859531e+36    7.861894e+36
15741100              nan             nan   -2.300478e-02   -2.301423e-02
15743500              nan             nan    6.496101e+12    6.499558e+12
15743600     1.171813e+29    1.171468e+29             nan             nan
15745040     8.422718e-14    8.422916e-14             nan             nan
15747240              nan             nan    2.536068e+10    2.535540e+10
15747720              nan             nan    6.202774e+06    6.201602e+06
15762240              nan             nan    1.340048e-12    1.340192e-12
15764740              nan             nan   -4.643941e-30   -4.643084e-30
15770320    -3.136246e-22   -3.136555e-22             nan             nan
15772660    -1.394834e-06   -1.396148e-06             nan             nan
15773660              nan             nan    9.020313e-05    9.022626e-05
15776240              nan             nan   -7.330705e+27   -7.327375e+27
15776340              nan             nan   -2.369477e+01   -2.370206e+01
16011600              nan             nan   -6.212694e+06   -6.213124e+06
16025400              nan             nan    1.590641e+09    1.590316e+09
16032700     3.135344e-22    3.135482e-22             nan             nan
16040600              nan             nan   -2.925334e+28   -2.925569e+28
16043220    -1.442312e-03   -1.441207e-03             nan             nan
16043520    -1.511193e+03   -1.512199e+03             nan             nan
16053360              nan             nan   -4.652923e-30   -4.653780e-30
16056440     1.277736e-18    1.278919e-18             nan             nan
16057200              nan             nan   -3.363719e-13   -3.363458e-13
16062000    -7.869093e+36   -7.867123e+36             nan             nan
16062120              nan             nan    7.675861e+33    7.673171e+33
16064020              nan             nan    2.586356e+13    2.589387e+13
16064740    -2.913423e-31   -2.913815e-31             nan             nan
16100760     2.486891e+38             nan    1.242298e-21    1.245535e-21
16102520              nan             nan   -1.092027e+20   -1.092589e+20
16120740              nan             nan    1.111708e+23    1.113829e+23
16142220    -4.785736e-27   -4.785337e-27             nan             nan
16143600    -8.575542e-11   -8.576617e-11             nan             nan
16147740              nan             nan    1.165357e-30    1.166375e-30
16150000    -3.366297e-13   -3.367080e-13             nan             nan
16204420     1.035218e+14    1.035756e+14             nan             nan
16205160              nan             nan    2.778784e-37    2.778859e-37
16223640    -2.846606e+25   -2.844069e+25             nan             nan
16236640              nan             nan   -6.052674e+03   -6.053024e+03
16240320    -6.663022e-13   -6.634520e-13    2.482269e+38             nan
16244340              nan             nan    1.476910e+00    1.477023e+00
16244660    -1.864269e-29   -1.864053e-29             nan             nan
16251360              nan             nan   -4.238141e+17   -4.238394e+17
16252300     9.019544e-05    9.018815e-05             nan             nan
16252440              nan             nan    2.248517e-05    2.249176e-05
16270560     1.515863e+03    1.515719e+03             nan             nan
16270620     1.345510e-12    1.345191e-12             nan             nan
16274740    -5.350433e-12   -5.351978e-12             nan             nan
16277540              nan             nan   -7.034951e-35   -7.049165e-35
16325120    -1.145727e+26   -1.145675e+26             nan             nan
16326620    -1.654138e+15   -1.654285e+15             nan             nan
16340520    -1.173284e+29   -1.173361e+29             nan             nan
16342360              nan             nan   -1.190499e-27   -1.190815e-27
16350240    -2.352251e+01   -2.352836e+01             nan             nan
16351460    -5.008538e-21   -5.005675e-21             nan             nan
16364120              nan             nan    8.179057e-17    8.184711e-17
16367200     3.945073e+08    3.945791e+08             nan             nan
16372000              nan             nan   -2.361026e+01   -2.360316e+01
16403120              nan             nan   -6.190977e+06   -6.189848e+06
16412200    -1.132006e+26   -1.125966e+26             nan    2.484056e+38
16416560     2.538680e+10    2.538829e+10             nan             nan
16422620    -2.778888e+22   -2.777454e+22             nan             nan
16424060     5.352696e-12    5.353124e-12             nan             nan
16424120    -4.893403e+35   -4.894311e+35             nan             nan
16432260              nan             nan   -1.244106e-21   -1.242740e-21
16434500              nan             nan    1.951808e-23    1.952296e-23
16447660              nan             nan   -4.149058e+14   -4.150701e+14
16450420     4.254541e+17    4.254877e+17             nan             nan
16467220              nan             nan   -3.110037e-22   -3.111036e-22
16473520    -2.904067e-31   -2.900469e-31             nan             nan
16524040              nan             nan    1.825210e+27    1.825206e+27
16524160              nan             nan    1.191297e-27    1.191283e-27
16542320              nan             nan    4.211804e+17    4.211138e+17
16550100     1.618025e+12    1.617951e+12             nan             nan
16552620     1.128124e-33    1.129069e-33             nan             nan
16552740    -4.866083e-24   -4.866970e-24             nan             nan
16553200              nan             nan    1.900500e-26    1.900104e-26
16554320     2.653209e+16    2.653637e+16             nan             nan
16562220    -6.914720e-38   -6.918918e-38             nan             nan
16564260              nan             nan    3.110089e-22    3.105910e-22
16567120              nan             nan    2.771799e-37    2.771494e-37
16605640    -3.769440e+02   -3.771292e+02             nan             nan
16611100    -1.085448e+20   -1.085588e+20             nan             nan
16625240     4.422234e-36    4.421399e-36             nan             nan
16635020     6.477588e+12    6.475765e+12             nan             nan
16642460    -1.726718e-38   -1.727279e-38             nan             nan
16646700     2.345355e+01    2.344146e+01             nan             nan
16677760     8.211280e+14    1.640821e+15             nan             nan
16700500              nan             nan   -2.089282e-14   -2.089173e-14
16706340    -8.155072e-17   -8.157555e-17             nan             nan
16714600     5.870613e+31    1.178508e+32             nan             nan
16744560              nan             nan    1.823859e+27    1.823803e+27
16754320    -9.645535e+04   -9.651148e+04             nan             nan
16770160    -4.619136e-30   -4.632299e-30             nan             nan
16775560    -3.943453e+08   -3.938444e+08             nan             nan
16776240              nan             nan   -7.298255e+27   -7.298613e+27
17012620              nan             nan   -9.419279e+01   -9.420392e+01
17025060    -6.194747e+06   -6.195322e+06             nan             nan
17025160              nan             nan   -3.859922e+05   -3.858084e+05
17033140     2.415995e+04    2.417013e+04             nan             nan
17044340    -2.416898e+04   -2.416612e+04             nan             nan
17060620     5.901564e+00    5.902872e+00             nan             nan
17061220     3.414980e-10    3.412731e-10             nan             nan
17063220     3.045467e+34    3.050462e+34             nan             nan
17063500              nan             nan    9.428510e+01    9.428258e+01
17067240     2.906334e+28    2.907399e+28             nan             nan
17070560              nan             nan    7.435702e-29    7.436266e-29
17072720              nan             nan   -7.970060e-20   -7.975579e-20
17077060              nan             nan    2.518288e+10    2.519747e+10
17077720     8.943642e-05    8.949329e-05             nan             nan
17103360     1.135114e-33    1.134613e-33             nan             nan
17103460              nan             nan    1.247053e+38    1.246855e+38
17107120              nan             nan   -5.586587e-06   -5.558437e-06
17111460    -2.590824e+13   -2.591048e+13             nan             nan
17113060    -7.759367e-23   -7.757630e-23             nan             nan
17116620    -1.614665e+12   -1.615252e+12             nan             nan
17117200    -7.433351e-29   -7.436161e-29             nan             nan
17117320              nan             nan    7.1350