#title: Symphony No.5 in Cm, 1st movement#tempo:	 212.00139920923482/4
time: 0 0
time: 256 0.5
clarinet: ,67,128,116,0.8031496062992126
string_ensemble_1: ,67,128,116,0.7874015748031497
string_ensemble_1: ,67,128,116,0.7952755905511811
string_ensemble_1: ,55,128,116,0.7874015748031497
string_ensemble_1: ,43,128,116,0.8188976377952756
string_ensemble_1: ,43,128,116,0.7795275590551181
time: 512 1
#tempo:	603/4
clarinet: ,67,256,116,0.84251968503937
string_ensemble_1: ,67,256,116,0.8582677165354331
string_ensemble_1: ,67,256,116,0.8346456692913385
string_ensemble_1: ,55,256,116,0.8976377952755905
string_ensemble_1: ,43,256,116,0.8582677165354331
string_ensemble_1: ,43,256,116,0.8976377952755905
time: 768 1.3333333333333333
clarinet: ,67,384,116,0.8976377952755905
string_ensemble_1: ,67,384,116,0.9133858267716536
string_ensemble_1: ,67,384,116,0.9133858267716536
string_ensemble_1: ,55,384,116,0.8818897637795275
string_ensemble_1: ,43,384,116,0.889763779527559
string_ensemble_1: ,43,384,116,0.889763779527559
time: 1024 1.6666666666666665
clarinet: ,63,512,768,0.7795275590551181
string_ensemble_1: ,63,512,768,0.8188976377952756
string_ensemble_1: ,63,512,768,0.7952755905511811
string_ensemble_1: ,51,512,768,0.84251968503937
string_ensemble_1: ,39,512,768,0.8582677165354331
string_ensemble_1: ,39,512,768,0.8582677165354331
time: 1280 2
#tempo:	216.00138240884742/4
time: 1536 2.5
clarinet: ,65,1408,116,0.8031496062992126
string_ensemble_1: ,65,1408,116,0.7952755905511811
string_ensemble_1: ,65,1408,116,0.8110236220472441
string_ensemble_1: ,53,1408,116,0.7874015748031497
string_ensemble_1: ,41,1408,116,0.7795275590551181
string_ensemble_1: ,41,1408,116,0.7716535433070866
time: 1792 3
clarinet: ,65,1536,116,0.937007874015748
string_ensemble_1: ,65,1536,116,0.8346456692913385
string_ensemble_1: ,65,1536,116,0.8818897637795275
string_ensemble_1: ,53,1536,116,0.8740157480314961
string_ensemble_1: ,41,1536,116,0.8740157480314961
string_ensemble_1: ,41,1536,116,0.9133858267716536
